var	days_to_flower	rust_level	leaf_spot_level	plant_architecture	number_of_pods	yield	100_pod_weight	number_of_seeds	seed_weight	100_seed_weight
TN14	34	8	8	5	19	20	105.3	20	9	45
TN15	27	8	9	5	123	194	157.7	20	17	85
HL2	27	8	8	5	58	122	210.3	20	13	65
HL1	27	9	8	4	105	141	134.3	20	13	65
TN18	27	7	9	3	86	121	140.7	20	15	75
TNS9	27	7	8	3	48	57	118.8	20	9	45
TN16	29	4	7	3	71	129	181.7	20	11	55
India_song	28	5	8	1	49	51	104.1	20	12	60
Vietnam	28	5	8	NA	21	23	109.5	20	11	55
E01001	27	6	8	1	57	83	145.6	20	10	50
PI599592	29	7	8	1	63	57	90.5	20	12	60
TC1	28	6	9	3	42	73	173.8	20	17	85
PI109839	28	5	9	1	132	97	73.5	20	9	45
PH1	28	5	8	1	57	45	78.9	20	10	50
PI203396	29	6	8	5	36	33	91.7	20	11	55
PI145681	28	5	7	5	56	52	92.9	20	12	60
PI338337	27	3	8	3	106	137	129.2	20	9	45
PI314817	27	1	7	4	98	116	118.4	20	8	40
PI155112	27	7	8	1	98	112	114.3	20	8	40
PI118989	27	7	8	1	NA	NA	NA	20	10	50
PI118480	27	7	8	1	60	65	108.3	20	9	45
TNG10	27	6	8	3	58	75	129.3	20	15	75
TNG7	27	7	8	4	105	80	76.2	20	18	90
PI565455	27	8	8	1	81	60	74.1	20	9	45
PI259717	27	4	8	1	126	92	73	20	9	45
PI153169	27	8	9	3	138	106	76.8	20	9	45

