var	days_to_flower	rust_level	leaf_spot_level	plant_architecture	number_of_pods	yield	100_pod_weight	100_seed_weight	pod_length	pod_width	name_v2
VA1	24	8	7	2	68	111	163.2	50	3.54	1.32	1_VA
VA3	24	8	9	1	109	184	168.8	50	3.72	1.17	2_VA
VA5	24	8	8	1	154	230	149.4	45	3.05	1.3	3_VA
VA6	24	8	6	3	149	226	151.7	65	2.55	1.31	4_VA
VA7	24	8	9	4	102	159	155.9	45	3.31	1.24	5_VA
VA8	24	7	8	1	71	123	173.2	40	3.27	1.38	6_VA
VA12	24	8	8	1	125	219	175.2	40	3.65	1.16	7_VA
VA15	27	8	7	1	124	178	143.5	35	3.14	1.23	8_VA
VA20	27	7	6	1	171	270	157.9	45	3.52	1.15	9_VA
VA21	27	8	8	1	111	194	174.8	45	3.66	1.25	10_VA
VA26	28	7	8	1	91	151	165.9	45	3.71	1.24	11_VA
VA27	28	8	6	3	53	86	162.3	50	3.25	1.15	12_VA
VA29	27	6	6	3	56	109	194.6	70	4.4	1.3	13_VA
VA31	27	8	9	1	164	252	153.7	30	3.06	1.29	14_VA
VA34	27	8	8	1	120	206	171.7	50	3.45	1.29	15_VA
VA36	24	8	9	5	113	201	177.9	95	3.82	1.49	16_VA
VA41	28	8	9	4	74	133	179.7	45	3.16	1.36	17_VA
VA45	27	8	8	3	49	68	138.8	35	2.47	1.39	18_VA
VA46	24	7	8	1	37	62	167.6	35	3.21	1.28	19_VA
VA51	27	8	8	1	65	101	155.4	35	3.29	1.17	20_VA
VA52	24	8	9	1	129	203	157.4	50	3.06	1.26	21_VA
VA53	27	8	9	1	124	171	137.9	40	3.25	1.15	22_VA
VA57	27	8	8	1	38	56	147.4	35	2.45	1.27	23_VA
VA59	27	7	8	1	81	120	148.1	50	2.94	1.29	24_VA
VA62	24	7	9	1	54	92	170.4	45	3.15	1.2	25_VA
VA63	24	8	8	1	39	69	176.9	45	2.76	1.19	26_VA
VA64	24	8	9	1	41	57	139	30	2.71	1.21	27_VA
VA66	27	9	8	1	136	227	166.9	50	3.66	1.31	28_VA
VA67	27	8	8	1	65	110	169.2	40	3.06	1.26	29_VA
VA68	27	8	9	1	0	0	0	0	3.42	1.24	30_VA
VA70	24	7	8	1	20	37	185	55	2.56	1.22	31_VA
VA81	27	8	8	4	55	95	172.7	40	3.07	1.2	32_VA
VA84	24	8	8	1	100	121	121	55	2.38	1.06	33_VA
VA86	27	7	8	4	77	116	150.6	40	2.89	1.22	34_VA
VA90	24	8	8	3	53	72	135.8	30	2.74	1.18	35_VA
VA93	27	8	9	1	66	109	165.2	45	3.51	1.27	36_VA
VA97	27	8	9	1	29	44	151.7	30	2.61	1.23	37_VA
VA98	27	8	9	1	53	77	145.3	40	2.69	1.22	38_VA
VA99	24	8	9	1	37	85	229.7	35	2.97	1.26	39_VA
VA102	24	8	8	1	5	16	320	36.36363636	#DIV/0!	#DIV/0!	40_VA
VA108	24	8	6	1	45	80	177.8	55	3.34	1.29	41_VA
VA110	28	8	8	1	7	19	271.4	42.85714286	#DIV/0!	#DIV/0!	42_VA
VA111	24	8	6	1	9	19	211.1	35	#DIV/0!	#DIV/0!	43_VA
VA114	24	8	8	3	102	137	134.3	45	2.84	1.34	44_VA
VA115	27	9	8	1	82	131	159.8	35	3.07	1.21	45_VA
VA119	27	8	9	1	35	62	177.1	30	3.2	1.26	46_VA
VA120	24	8	9	1	4	16	400	27.27272727	#DIV/0!	#DIV/0!	47_VA
VA121	27	8	9	1	44	75	170.5	45	2.68	1.37	48_VA
VA126	27	8	9	1	60	93	155	35	2.79	1.23	49_VA
VA131	24	7	8	1	91	150	164.8	45	3.34	1.22	50_VA
VA133	24	9	9	1	112	125	111.6	45	2.81	1.22	51_VA
VA135	24	9	9	4	51	46	90.2	30	3.04	1.49	52_VA
VA142	27	8	7	1	88	124	140.9	45	3.35	1.35	53_VA
VA143	24	8	8	1	43	54	125.6	45	3.18	1.3	54_VA
VA148	24	8	9	1	64	84	131.3	45	3.38	1.4	55_VA
VA149	24	8	9	1	8	3	37.5	38.88888889	#DIV/0!	#DIV/0!	56_VA
VA155	27	8	9	1	18	4	22.2	35	1.866666667	1.211111111	57_VA
VA161	27	8	9	1	37	41	110.8	40	2.37	1.42	58_VA
VA163	27	8	9	3	16	10	62.5	45	2.814285714	1.285714286	59_VA
VA168	27	8	8	3	77	107	139	40	4.17	1.33	60_VA
VA171	27	8	9	1	30	50	166.7	45	3.12	1.4	61_VA
VA172	27	8	8	1	0	0	0	0	#DIV/0!	#DIV/0!	62_VA
VA177	27	8	7	1	42	42	100	40	3.15	1.28	63_VA
VA183	27	7	8	4	36	53	147.2	55	4.16	1.28	64_VA
VA190	27	8	7	1	91	94	103.3	35	2.95	1.36	65_VA
VA194	24	8	7	1	59	45	76.3	40	2.54	1.41	66_VA
VA196	24	8	8	1	19	16	84.2	45	2.42	1.41	67_VA
VA197	24	8	9	3	58	80	137.9	50	3.87	1.24	68_VA
VA200	27	9	9	1	25	4	16	30	2.15	1	69_VA
VA205	27	8	9	1	117	138	117.9	55	2.6	1.16	70_VA
VA206	27	8	8	1	119	156	131.1	50	3.61	1.36	71_VA
VA211	24	8	8	4	136	185	136	70	2.9	1.26	72_VA
VA212	27	8	8	1	90	84	93.3	45	3.23	1.25	73_VA
VA213	24	8	7	4	78	84	107.7	50	2.7	1.23	74_VA
VA214	27	8	8	1	143	178	124.5	45	3.05	1.4	75_VA
VA216	27	8	9	1	110	144	130.9	50	2.58	1.15	76_VA
VA224	24	7	6	3	133	121	91	40	2.83	1.29	77_VA
VA227	27	7	8	5	51	81	158.8	75	3.29	1.38	78_VA
VA228	27	8	9	1	101	104	103	60	2.74	1.41	79_VA
VR2	29	7	7	3	130	155	119.2	50	2.9	1.27	81_RN
VR4	28	8	7	4	62	60	96.8	50	2.65	1.13	82_RN
VR6	29	8	6	4	36	53	147.2	60	3.94	1.23	83_RN
VR8	28	8	8	1	13	3	23.1	35	1.86	1.22	84_RN
VR12	34	8	7	3	52	88	169.2	65	3.55	1.37	85_RN
VR13	34	8	7	3	39	55	141	70	3.69	1.47	86_RN
VR21	29	8	7	3	48	73	152.1	85	3.38	1.57	87_RN
VR25	29	7	6	4	74	79	106.8	55	2.74	1.18	88_RN
VR26	29	8	6	3	89	115	129.2	55	3.51	1.22	89_RN
VR30	29	8	6	3	113	132	116.8	60	2.8	1.3	90_RN
VR34	29	8	6	3	116	148	127.6	55	3.11	1.4	91_RN
VR37	34	7	6	5	40	35	87.5	45	2.64	1.3	92_RN
VR41	34	7	6	3	31	39	125.8	55	3	1.2	93_RN
VR52	27	8	6	3	82	123	150	55	3.63	1.37	95_RN
VR55	29	7	8	3	75	128	170.7	80	3.38	1.64	96_RN
VR63	29	8	6	3	56	104	185.7	75	3.82	1.53	97_RN
VR67	29	8	8	4	101	144	142.6	65	2.99	1.28	98_RN
VR68	29	8	6	3	124	136	109.7	45	2.94	1.38	99_RN
VR69	27	7	8	1	114	122	107	50	2.15	1.32	100_RN
VR71	29	8	6	5	72	140	194.4	85	3.306	1.36	101_RN
VR73	28	7	7	5	78	101	129.5	50	2.73	1.03	102_RN
VR78	28	8	8	5	142	215	151.4	65	2.4	1.33	103_RN
VR79	29	8	8	3	64	133	207.8	90	3.57	1.43	104_RN
VR80	29	9	8	1	48	68	141.7	50	2.86	1.27	105_RN
VR83	30	8	8	3	62	87	140.3	50	3.07	1.14	106_RN
VR86	30	8	8	3	17	32	188.2	60	2.98	1.17	107_RN
VR90	30	8	7	3	58	105	181	75	3.41	1.4	108_RN
VR93	28	8	6	3	71	123	173.2	55	3.09	1.25	109_RN
VR94	30	8	8	1	63	88	139.7	55	2.84	1.24	110_RN
VR97	28	7	8	1	30	161	536.7	55	2.71	1.19	111_RN
VR100	30	8	6	5	97	162	167	60	2.83	1.28	112_RN
VR101	27	8	8	1	113	110	97.3	45	2.51	1.1	113_RN
VR104	27	7	8	1	89	104	116.9	55	2.44	1.12	114_RN
VR107	29	8	6	3	55	64	116.4	50	2.48	1.12	115_RN
VR108	29	8	7	3	67	82	122.4	55	2.58	1.15	116_RN
VR109	28	8	6	3	57	76	133.3	50	2.85	1.27	117_RN
VR110	29	7	6	3	14	21	150	65	#DIV/0!	#DIV/0!	118_RN
VR112	34	8	7	3	34	54	158.8	75	2.75	1.37	119_RN
VR113	30	8	8	3	41	82	200	60	3.54	1.2	120_RN
VR118	28	8	8	1	57	72	126.3	50	2.31	1.21	121_RN
VR123	27	8	8	3	72	140	194.4	75	3.29	1.3	122_RN
VR124	29	8	8	1	105	141	134.3	55	2.42	1.21	123_RN
VR129	29	8	8	1	64	116	181.3	65	3.26	1.44	124_RN
VR131	28	8	8	3	76	150	197.4	75	3.38	1.38	125_RN
VR133	29	8	8	3	59	112	189.8	85	3.2	1.47	126_RN
VR135	28	8	7	3	92	127	138	45	2.88	1.09	127_RN
VR137	29	8	8	1	45	67	148.9	60	2.98	1.51	128_RN
VR139	27	9	8	5	66	121	183.3	70	2.94	1.26	129_RN
VR141	27	8	8	1	91	150	164.8	60	2.92	1.34	130_RN
VR147	24	8	9	1	79	90	113.9	50	2.48	1.06	131_RN
VR148	27	8	9	1	87	110	126.4	45	2.6	1.17	132_RN
VR158	29	8	8	3	73	157	215.1	55	3.73	1.59	133_RN
VR160	28	8	8	3	65	97	149.2	55	2.65	1.21	134_RN
VR163	29	8	6	3	23	33	143.5	65	2.94	1.53	135_RN
VR168	29	8	8	6	35	46	131.4	60	2.72	1.2	136_RN
VR169	29	8	7	3	66	94	142.4	50	3.02	1.29	137_RN
VR172	28	8	8	4	101	137	135.6	55	2.55	1.31	138_RN
VR173	28	8	7	3	76	137	180.3	55	3.49	1.29	139_RN
VR175	27	8	9	1	52	70	134.6	55	2.73	1.24	140_RN
VR176	29	8	8	5	88	143	162.5	65	2.87	1.21	141_RN
VR178	29	8	8	5	80	122	152.5	70	2.97	1.32	142_RN
VR181	28	8	8	5	81	122	150.6	70	2.7	1.25	143_RN
VR183	31	7	6	6	41	59	143.9	60	2.96	1.3	144_RN
VR184	28	7	7	6	66	81	122.7	50	2.77	1.16	145_RN
VR190	28	8	8	3	119	169	142	60	2.51	1.16	146_RN
VR192	28	7	8	3	79	112	141.8	60	5.71	1.16	147_RN
VR195	28	8	9	3	97	153	157.7	50	2.91	1.19	148_RN
VR198	31	8	8	3	52	89	171.2	50	3.34	1.18	149_RN
VR203	29	8	7	5	120	154	128.3	45	2.78	1.07	150_RN
VR207	28	8	6	5	94	96	102.1	50	2.82	1.07	151_RN
VR210	29	8	8	3	23	26	113	45	3.19	1.11	152_RN
VR218	29	8	8	5	82	107	130.5	55	2.8	1.26	153_RN
VR219	29	8	8	3	102	142	139.2	50	3.8	1.2	154_RN
VR224	28	8	8	5	75	75	100	50	2.62	1.24	155_RN
VR225	29	8	8	3	57	68	119.3	50	3.2	1.31	156_RN
VR226	29	8	8	3	93	88	94.6	45	2.62	1.12	157_RN
VR227	29	8	7	6	107	137	128	60	3.09	1.33	158_RN
VR228	29	8	8	1	43	33	76.7	50	2.36	1.08	159_RN
VR232	28	8	6	5	127	130	102.4	45	2.81	1.25	160_RN
VR233	28	7	6	5	70	91	130	60	3.01	1.32	161_RN
VR243	29	8	8	3	69	79	114.5	50	3	1.16	162_RN
VR244	28	8	8	3	52	66	126.9	55	3.6	1.15	163_RN
VR247	28	8	7	4	57	62	108.8	65	2.67	1.24	164_RN
VR250	27	8	8	1	58	106	182.8	80	3.13	1.38	165_RN
VR254	27	8	8	4	105	147	140	70	3.43	2.36	166_RN
VR259	27	7	6	5	66	82	124.2	60	2.95	1.09	167_RN
VR262	28	8	9	5	156	213	136.5	65	2.78	1.19	168_RN
VR244	28	8	8	3	52	66	126.9	55	3.6	1.15	169_RN
VB1	27	8	7	1	118	155	131.4	55	3.12	1.23	170_VR
VB3	30	8	8	1	107	124	115.9	55	2.79	1.28	171_VR
VB8	31	8	8	1	88	136	154.5	55	2.85	1.35	172_VR
VB10	31	7	6	5	171	134	78.4	75	3.85	1.53	173_VR
VB18	30	8	8	3	43	73	169.8	80	3.11	1.35	174_VR
VB20	29	8	6	1	87	96	110.3	55	2.61	1.2	175_VR
VB26	27	7	7	5	112	110	98.2	45	2.13	1.12	176_VR
VB29	27	7	7	1	161	192	119.3	55	2.49	1.25	177_VR
VB32	18	7	6	1	107	177	165.4	75	3.55	1.45	178_VR
VB33	34	6	6	6	26	24	92.3	55	2.63	1.24	179_VR
VB41	34	7	6	5	15	13	86.7	70	#DIV/0!	#DIV/0!	180_VR
VB45	34	6	6	3	4	10	250	125	#DIV/0!	#DIV/0!	181_VR
VB48	28	6	6	3	61	80	131.1	70	3.38	1.39	182_VR
VB50	34	7	6	3	38	64	168.4	90	3.14	1.44	183_VR
VB52	31	7	6	5	96	125	130.2	60	2.7	1.25	184_VR
VB53	29	7	6	1	62	92	148.4	80	3.3	1.47	185_VR
VB54	27	8	8	1	121	133	109.9	55	2.72	1.12	186_VR
VB55	24	8	9	1	104	112	107.7	50	2.55	1.12	187_VR
VB65	28	7	7	4	75	111	148	75	2.83	1.4	188_VR
VB66	30	7	8	3	99	97	98	40	2.49	1.21	189_VR
VB68	28	7	8	5	55	71	129.1	55	3.21	1.27	190_VR
VB71	30	7	8	5	72	127	176.4	90	3.55	1.49	191_VR
VB73	31	7	7	4	77	64	83.1	45	2.72	1.1	192_VR
VB75	28	8	6	3	59	80	135.6	65	2.92	1.26	193_VR
VB78	29	8	6	4	93	82	88.2	40	2.43	1.09	194_VR
VB79	34	8	8	4	52	77	148.1	80	3.01	1.47	195_VR
VB80	29	8	7	5	62	100	161.3	80	3.71	1.55	196_VR
VB81	31	8	6	4	26	11	42.3	55	2.6	1	197_VR
VB83	28	8	8	4	148	170	114.9	55	2.55	1.23	198_VR
VB88	29	8	6	3	36	35	97.2	70	3	1.23	199_VR
VB89	27	8	9	1	72	59	81.9	50	2.48	1.23	200_VR
VB93	31	8	8	1	51	82	160.8	65	3.42	1.46	201_VR
VB94	34	8	7	1	36	42	116.7	55	3.3	1.33	202_VR
VB95	34	7	7	3	21	32	152.4	70	3.11	1.42	203_VR
VB99	34	8	7	1	7	5	71.4	30	#DIV/0!	#DIV/0!	204_VR
VB103	27	9	9	1	131	104	79.4	35	1.97	1.08	205_VR
VB106	31	8	8	5	79	99	125.3	60	2.81	1.24	206_VR
VB107	31	8	8	5	63	57	90.5	45	2.91	1.31	207_VR
VB108	30	8	8	4	75	94	125.3	55	#DIV/0!	#DIV/0!	208_VR
VB110	29	8	7	4	78	136	174.4	90	3.62	1.45	209_VR
VB111	29	8	8	4	53	63	118.9	50	3.2	1.2	210_VR
VB113	29	7	8	5	106	173	163.2	70	3.14	1.52	211_VR
VB114	29	8	7	5	82	160	195.1	95	3.32	1.54	212_VR
VB117	28	8	8	5	66	109	165.2	75	3.39	1.4	213_VR
VB118	30	8	8	4	58	78	134.5	75	3.16	1.303	214_VR
VB119	29	8	9	3	71	104	146.5	70	2.8	1.25	215_VR
VB137	29	8	8	5	52	60	115.4	50	3.04	1.16	216_VR
VB149	28	8	7	5	137	157	114.6	40	2.56	1.09	217_VR
VB155	28	8	7	1	67	138	206	55	3.86	1.46	218_VR
SP13	30	8	8	3	58	76	131	55	2.23	1.16	219_SP
SP20	27	8	8	1	126	158	125.4	50	2.64	1.16	220_SP
SP23	27	8	9	4	139	147	105.8	40	2.19	1.19	221_SP
SP25	28	8	8	4	46	68	147.8	45	2.8	1.16	222_SP
SP33	28	8	9	4	114	150	131.6	45	2.48	1.19	223_SP
SP37	27	8	9	1	63	63	100	45	2.07	1.12	224_SP
SP44	28	8	9	1	68	59	86.8	40	2.22	1.08	225_SP
SP47	29	8	8	3	64	61	95.3	50	2.36	1.28	226_SP
SP49	27	8	9	4	112	124	110.7	55	2.39	1.17	227_SP
SP51	27	8	8	1	88	116	131.8	65	3.3	1.22	228_SP
SP53	27	8	8	4	79	73	92.4	40	2.96	1.12	229_SP
SP76	24	9	9	1	120	132	110	50	2.77	1.19	230_SP
SP77	27	8	8	4	165	178	107.9	50	2.83	1.1	231_SP
SP79	24	8	8	1	100	97	97	50	2.38	1.22	232_SP
SP83	27	9	9	1	133	127	95.5	45	2.29	1.16	233_SP
SP84	27	9	9	1	110	121	110	65	2.4	1.26	234_SP
SP86	27	8	8	4	108	130	120.4	50	2.49	1.17	235_SP
SP92	28	8	9	4	70	89	127.1	65	2.87	1.13	236_SP
SP107	28	9	9	3	126	182	144.4	55	3.11	1.16	237_SP
SP135	27	9	9	3	91	105	115.4	45	2.85	1.15	238_SP
SP141	28	9	9	4	76	63	82.9	50	2.39	1.14	239_SP
SP144	28	8	8	3	86	78	90.7	45	2.28	1.22	240_SP
SP147	28	9	9	1	113	100	88.5	45	2.12	1.06	241_SP
SP153	27	8	9	4	88	120	136.4	45	3.58	1.12	242_SP
SP154	24	8	9	4	144	157	109	50	2.75	1.03	243_SP
SP155	27	8	9	2	166	168	101.2	45	2.47	1.21	244_SP
SP164	27	9	9	4	148	113	76.4	35	2.51	1.06	245_SP
SP169	27	8	9	1	197	210	106.6	50	2.45	1.11	246_SP
SP204	28	8	8	1	208	183	88	35	2.44	1.1	247_SP
SP212	28	8	7	1	131	127	96.9	50	2.45	1.17	248_SP
SP222	28	8	7	1	156	179	114.7	45	2.52	1.28	249_SP
SP254	28	8	9	1	89	67	75.3	35	2.02	1.1	250_SP
SP266	27	8	8	1	101	141	139.6	55	2.79	1.25	251_SP
SP285	28	9	9	1	67	71	106	45	2.3	1.3	252_SP
SP290	27	8	9	3	171	157	91.8	45	2.3	1.3	253_SP
SP294	27	8	9	1	53	43	81.1	45	2.37	1.17	254_SP
SP308	24	8	9	1	137	137	100	40	2.57	1.2	255_SP
SP315	24	8	9	3	114	133	116.7	50	2.98	1.27	256_SP
SP321	27	8	9	1	118	132	111.9	60	2.55	1.33	257_SP
SP335	24	8	9	4	190	214	112.6	45	2.95	1.31	258_SP
SP342	24	9	9	3	55	37	67.3	45	2.82	1.14	259_SP
SP345	27	8	9	1	66	79	119.7	55	2.77	1.36	260_SP
SP376	24	8	9	1	133	93	69.9	30	2.201	1.12	261_SP
SP390	24	8	8	5	114	109	95.6	45	3.03	1.15	262_SP
SP404	24	9	8	4	198	205	103.5	50	2.71	1.24	263_SP
SP407	27	8	8	1	161	145	90.1	45	2.37	1.18	264_SP
SP431	27	8	9	3	172	213	123.8	55	2.71	1.38	265_SP
SP451	27	5	7	4	134	148	110.4	55	2.39	1.33	266_SP
SP453	24	4	8	4	145	190	131	55	2.99	1.15	267_SP
SP468	27	7	8	4	135	188	139.3	50	2.96	1.22	268_SP
SP482	24	7	8	1	108	110	101.9	50	2.66	1.3	269_SP
SP495	29	7	8	1	46	47	102.2	50	2.38	1.3	270_SP
SP497	27	7	7	5	130	141	108.5	45	2.33	1.33	271_SP
SP503	27	5	7	4	68	66	97.1	50	2.61	1.03	272_SP
SP508	27	5	7	3	153	150	98	45	2.41	1.13	273_SP
SP518	28	5	7	1	34	27	79.4	40	2.19	1.01	274_SP
SP521	24	5	8	4	129	118	91.5	45	2.42	1.22	275_SP
SP537	24	7	8	3	36	24	66.7	35	2.24	1.05	276_SP
SP542	24	7	9	4	32	30	93.8	45	4.33	1.06	277_SP
SP545	24	6	8	5	176	225	127.8	55	2.58	1.21	278_SP
SP563	24	9	9	1	125	156	124.8	45	2.56	1.34	279_SP
SP569	24	6	8	5	203	249	122.7	50	2.46	1.35	280_SP
SP605	27	7	8	5	129	181	140.3	70	3.11	1.47	281_SP
SP613	27	9	9	3	101	124	122.8	50	3.21	1.23	282_SP
SP628	24	9	9	5	103	119	115.5	60	3.06	1.43	283_SP
SP629	27	5	8	5	76	106	139.5	70	2.84	1.47	284_SP
